i=42
Fi=6000
max_F=20000
kc_true=12188.48828125
kappai=17101.552734375
ac=0.6764584059704135
dt=-4.626363670165632e-08
fr=739374599.7321846
dphi=-0.011243088042709015
phi=-2.7560776328411087
poly_deg_range=4
eps=-0.015396528777228599
c0_real=-0.0875607923551377
c0_imag=-0.0030613235874888942
nRange=201.78679048747674
delta_f_max=5910343.205952445
kappa=29290.040203693374
r=0.4161308143139071
noise_std_signal_used=0.008055465151866682
