i=55
Fi=10000
max_F=20000
kc_true=31397.6171875
kappai=2074.427978515625
ac=0.8616282485649347
dt=-7.692581476757375e-08
fr=733265132.7822523
dphi=-0.4266712424580944
phi=-1.6166813260165223
poly_deg_range=1
eps=-0.0175617497327313
c0_real=0.015504089333245211
c0_imag=-0.008453204562311877
nRange=175.34374922264112
delta_f_max=5869113.911148124
kappa=33472.04526632923
r=0.9380250575570303
noise_std_signal_used=0.009127312437403216
