i=46
Fi=6000
max_F=20000
kc_true=23512.69140625
kappai=454.2987060546875
ac=0.9909617551835455
dt=-8.198122336066611e-08
fr=733013756.8839186
dphi=0.40244417775997987
phi=1.4603603412266883
poly_deg_range=5
eps=0.0058532111089511785
c0_real=0.01573670784437238
c0_imag=0.05889317692321633
nRange=278.84216440223577
delta_f_max=6683007.394658579
kappa=23966.99010347014
r=0.9810448164221355
noise_std_signal_used=0.0062570899282983925
