i=57
Fi=5000
max_F=20000
kc_true=32277.259765625
kappai=239.01119995117188
ac=0.9735085053420568
dt=-6.854711634369895e-10
fr=747053726.8254555
dphi=-0.42966833569799207
phi=-1.182417370315537
poly_deg_range=3
eps=0.0203827720178991
c0_real=0.00659505715564351
c0_imag=0.10110417129691884
nRange=95.8710116958639
delta_f_max=3117367.793549707
kappa=32516.270960392896
r=0.992649489387666
noise_std_signal_used=0.004142997242058883
