i=12
Fi=2000
max_F=20000
kc_true=29909.689453125
kappai=3839.0
ac=0.49162175398081226
dt=-2.8500056089055233e-08
fr=728844730.0152231
dphi=0.5920568239743706
phi=0.6628060025120956
poly_deg_range=1
eps=-0.004029893076900656
c0_real=0.0019009136731419575
c0_imag=-0.06661381731896661
nRange=107.31187289038319
delta_f_max=3621635.0687070396
kappa=33748.689414883884
r=0.8862474357281026
noise_std_signal_used=0.0015967095429111366
