i=83
Fi=10000
max_F=20000
kc_true=57408.0703125
kappai=21735.47265625
ac=0.31623625636562847
dt=-7.4926971114944e-08
fr=739881362.8870845
dphi=-0.7852345722690195
phi=2.780710661109678
poly_deg_range=4
eps=0.00014183284966754264
c0_real=0.05425915320690231
c0_imag=-0.01702893769919307
nRange=202.1034076138034
delta_f_max=15995179.844499126
kappa=79143.54356193783
r=0.725366438357317
noise_std_signal_used=0.007732936096694284
