i=63
Fi=5000
max_F=20000
kc_true=28918.818359375
kappai=105.2357177734375
ac=0.3258588604879039
dt=-6.838180410594016e-08
fr=738936129.3643941
dphi=0.2857795467146924
phi=2.3032709627260006
poly_deg_range=5
eps=0.0038580365717299225
c0_real=0.08684083900946132
c0_imag=0.0001318895776971724
nRange=199.47692466923297
delta_f_max=5789629.048915527
kappa=29024.05407801292
r=0.9963741895479157
noise_std_signal_used=0.00863312819645884
