i=6
Fi=10000
max_F=20000
kc_true=33134.734375
kappai=119.19889068603516
ac=1.1224329825634862
dt=-5.235971709549967e-08
fr=747210415.2735212
dphi=0.749386655007765
phi=-0.7076450838277575
poly_deg_range=1
eps=-0.020214318269355186
c0_real=-0.023569362025949277
c0_imag=0.04636683047573317
nRange=100.90322663077644
delta_f_max=3355429.164786333
kappa=33253.93326681681
r=0.9964154949473072
noise_std_signal_used=0.0027470574766873834
