i=90
Fi=10000
max_F=20000
kc_true=51611.98828125
kappai=94853.0390625
ac=0.7199332847674969
dt=-7.46335305695602e-08
fr=728010236.0956981
dphi=0.42553923520832804
phi=-0.9605823389940742
poly_deg_range=3
eps=-0.023046245698857014
c0_real=0.06501053972553268
c0_imag=-0.051235915388116816
nRange=242.81563517125184
delta_f_max=35563998.99295772
kappa=146465.02877739034
r=0.3523843794800612
noise_std_signal_used=0.008347494205531195
