i=78
Fi=6000
max_F=20000
kc_true=66405.015625
kappai=247.40003967285156
ac=0.4353938663429346
dt=-1.9926819724908196e-08
fr=741284188.0264207
dphi=-0.5493326400005744
phi=-1.2289869890727525
poly_deg_range=4
eps=0.027077311083680465
c0_real=0.024064545069756495
c0_imag=-0.01771192428386136
nRange=331.5182397582124
delta_f_max=22096491.51564979
kappa=66652.41566124844
r=0.9962882060043283
noise_std_signal_used=0.004337677958218353
