i=40
Fi=10000
max_F=20000
kc_true=28095.80078125
kappai=214.79391479492188
ac=1.2861328536792016
dt=-7.586003842046743e-08
fr=742132010.1194204
dphi=-0.518734363769946
phi=-0.35076433108361504
poly_deg_range=1
eps=0.006590542700664365
c0_real=0.014795451750101822
c0_imag=0.032920849677997355
nRange=137.8539099926669
delta_f_max=3902726.173678398
kappa=28310.594700476777
r=0.9924129492333427
noise_std_signal_used=0.002574955670315795
