i=98
Fi=10000
max_F=20000
kc_true=78382.4765625
kappai=435.8887023925781
ac=0.5415284097028068
dt=-6.419592559677798e-08
fr=743751795.041405
dphi=-0.1960024674541354
phi=-0.8909635619962488
poly_deg_range=5
eps=0.012677525905782937
c0_real=-0.06649482877069875
c0_imag=0.05342347766248367
nRange=396.3479032406336
delta_f_max=31239493.81037723
kappa=78818.36526686727
r=0.9944697063572504
noise_std_signal_used=0.005810142038468858
