i=47
Fi=20000
max_F=20000
kc_true=28065.27734375
kappai=99944.3671875
ac=0.3362318792229267
dt=-1.9585641477885e-09
fr=749459311.8230188
dphi=-0.5494333974278489
phi=-2.7584828512500112
poly_deg_range=2
eps=-0.015400395373710546
c0_real=-0.019840053929310857
c0_imag=0.02930637809750379
nRange=281.4785517013958
delta_f_max=36031969.07674295
kappa=128009.6435730107
r=0.21924346135486958
noise_std_signal_used=0.008477679234061026
