i=72
Fi=20000
max_F=20000
kc_true=32468.751953125
kappai=3306.792724609375
ac=0.42624275238226966
dt=-8.145272211131133e-08
fr=736965555.4616814
dphi=-0.6727127027051232
phi=-2.382534061661792
poly_deg_range=3
eps=-0.028852844633184372
c0_real=0.07092778546224841
c0_imag=0.05413269765188007
nRange=166.33186246930998
delta_f_max=5950612.974144269
kappa=35775.54465995486
r=0.9075683476447167
noise_std_signal_used=0.007878872425803133
