i=81
Fi=15000
max_F=20000
kc_true=73260.8125
kappai=594.6561889648438
ac=1.0124771768056593
dt=-6.091131579536306e-08
fr=728346345.9917706
dphi=-0.7049165837411335
phi=0.03995235218662252
poly_deg_range=2
eps=0.016822518511798952
c0_real=-0.021567482430024112
c0_imag=-0.0036215328804485463
nRange=238.8144443743485
delta_f_max=17637752.71441349
kappa=73855.46866991765
r=0.9919483799828642
noise_std_signal_used=0.008996820432131777
