i=8
Fi=2000
max_F=20000
kc_true=15666.7568359375
kappai=4474.95849609375
ac=0.5333482286896913
dt=-2.146211323866773e-08
fr=741574650.6034142
dphi=-0.3135083104942844
phi=2.937489806322473
poly_deg_range=3
eps=0.021176231951363117
c0_real=-0.042972923878665775
c0_imag=-0.06282902646360868
nRange=270.26891757613487
delta_f_max=5443679.583590877
kappa=20141.71526793269
r=0.7778263483289478
noise_std_signal_used=0.009045590018551333
