i=91
Fi=2000
max_F=20000
kc_true=27908.64453125
kappai=592.340087890625
ac=1.0355020481375865
dt=-3.935064535925141e-08
fr=746855345.411748
dphi=0.09062596175530313
phi=-1.4967937721522153
poly_deg_range=2
eps=-0.0026943116559526616
c0_real=0.03247732910322136
c0_imag=-0.10789635871136363
nRange=188.8463093505439
delta_f_max=5382305.755906881
kappa=28500.98460709674
r=0.9792168556977064
noise_std_signal_used=0.0074388628260281895
