i=68
Fi=2000
max_F=20000
kc_true=35028.4140625
kappai=1870.1314697265625
ac=0.7876667656759319
dt=-4.54086599477642e-08
fr=740003456.1607038
dphi=0.7286203005218894
phi=0.6387528992786655
poly_deg_range=2
eps=0.014167718808499062
c0_real=0.006841834533448398
c0_imag=-0.07682336572125276
nRange=29.768306655091187
delta_f_max=1098407.2185261205
kappa=36898.54553209069
r=0.9493169326155624
noise_std_signal_used=0.00301865452321164
