i=33
Fi=6000
max_F=20000
kc_true=40555.76171875
kappai=384.3870849609375
ac=1.1446871081914396
dt=-9.422462071591432e-08
fr=746989663.8576856
dphi=0.48856467746921495
phi=2.3130223026883847
poly_deg_range=5
eps=0.028289047574998505
c0_real=-0.1410046270342638
c0_imag=0.014023399781517336
nRange=89.28966262087354
delta_f_max=3655532.0743850153
kappa=40940.14880430794
r=0.9906109993054668
noise_std_signal_used=0.003281662226708488
