i=24
Fi=20000
max_F=20000
kc_true=47376.484375
kappai=64116.09765625
ac=1.1681378217663214
dt=-7.436933937764666e-08
fr=728115545.3299414
dphi=0.2621454679811479
phi=-0.8308933246743315
poly_deg_range=5
eps=0.006231279587630617
c0_real=-0.03737100517766745
c0_imag=0.041131160740723656
nRange=109.5532080258723
delta_f_max=12214369.911992691
kappa=111492.58093024645
r=0.424929479430029
noise_std_signal_used=0.005559807795013639
