i=79
Fi=2000
max_F=20000
kc_true=14541.4599609375
kappai=77337.734375
ac=0.7019401244635717
dt=-5.712863854337231e-08
fr=749343310.8365284
dphi=-0.3581007052482359
phi=-0.20115117823051687
poly_deg_range=5
eps=-0.022533977402022353
c0_real=-0.06872564036718085
c0_imag=-0.03111580843725638
nRange=38.04196942637348
delta_f_max=3495265.370777228
kappa=91879.19089052352
r=0.15826717475411853
noise_std_signal_used=0.009991975364412096
