i=80
Fi=20000
max_F=20000
kc_true=13248.48046875
kappai=604.5946655273438
ac=0.33943338756759206
dt=-9.714415344552912e-08
fr=735309070.8195729
dphi=0.42554789137116367
phi=-1.3297069381331785
poly_deg_range=1
eps=-0.003635533780821501
c0_real=-0.005856428852939659
c0_imag=0.0663276190471697
nRange=372.81997640917376
delta_f_max=5164703.142870282
kappa=13853.075129219918
r=0.9563566460998495
noise_std_signal_used=0.007041162928163045
