i=87
Fi=10000
max_F=20000
kc_true=27645.357421875
kappai=82158.0703125
ac=0.3164271231981515
dt=-9.312192702442756e-08
fr=728064786.3938266
dphi=0.18895346523427614
phi=-2.8104044178055236
poly_deg_range=4
eps=-0.013878093178985463
c0_real=0.03223509599012214
c0_imag=-0.15344083844568498
nRange=392.2720189339666
delta_f_max=43072811.00859618
kappa=109803.42448500481
r=0.2517713591496444
noise_std_signal_used=0.0018463140894644703
