i=71
Fi=15000
max_F=20000
kc_true=14194.96484375
kappai=76467.390625
ac=0.32999756683515113
dt=-2.2654735684306978e-08
fr=733607567.5064712
dphi=0.730521079764165
phi=-0.5465728799062073
poly_deg_range=3
eps=0.010012522705824131
c0_real=0.006065226615538528
c0_imag=0.016990572034818286
nRange=272.98129686082234
delta_f_max=24749128.344083972
kappa=90662.35902858264
r=0.15656955097842568
noise_std_signal_used=0.0016701216180583746
