i=29
Fi=2000
max_F=20000
kc_true=20645.439453125
kappai=30422.833984375
ac=1.1385856745820213
dt=-2.4430412362972954e-08
fr=736235122.6030608
dphi=0.3004580997498649
phi=-2.070278803219499
poly_deg_range=5
eps=-0.01016000796290796
c0_real=-0.008875902217027686
c0_imag=-0.02980019496648295
nRange=256.78924769376215
delta_f_max=13113783.317599602
kappa=51068.27266085004
r=0.4042713484795856
noise_std_signal_used=0.008452727031013886
