i=96
Fi=5000
max_F=20000
kc_true=44208.12109375
kappai=104.14482879638672
ac=1.0417601656021767
dt=-9.942576606080646e-08
fr=728247801.6496539
dphi=-0.6673230086574062
phi=-2.652148479597518
poly_deg_range=4
eps=0.0032813830940010627
c0_real=-0.05077352578420126
c0_imag=-0.029199229749704705
nRange=74.96516688136657
delta_f_max=3321876.409548332
kappa=44312.2659195203
r=0.9976497517423404
noise_std_signal_used=0.00497957134356144
