i=59
Fi=5000
max_F=20000
kc_true=14297.4619140625
kappai=266.20440673828125
ac=0.6056156650483423
dt=-9.681292530996297e-08
fr=738862959.3243111
dphi=0.5863061401540148
phi=1.9012676007252667
poly_deg_range=4
eps=-0.006076919345549565
c0_real=-0.01508609005238365
c0_imag=-0.02950036794950663
nRange=107.45057080619118
delta_f_max=1564874.2582888505
kappa=14563.666312312269
r=0.9817213335885953
noise_std_signal_used=0.004677664628311242
