i=88
Fi=2000
max_F=20000
kc_true=12295.7001953125
kappai=37803.44921875
ac=1.426443563682893
dt=-9.072932018177958e-09
fr=728396814.8376411
dphi=-0.5511119405223812
phi=1.1511123174005675
poly_deg_range=3
eps=0.01039287521325391
c0_real=-0.027477839788669575
c0_imag=-0.008810372260154511
nRange=58.27097622848231
delta_f_max=2919326.4149335152
kappa=50099.150621516026
r=0.24542731848295807
noise_std_signal_used=0.006749708693970322
