i=77
Fi=2000
max_F=20000
kc_true=89739.796875
kappai=585.6314697265625
ac=0.4054371483179548
dt=-6.818166185577386e-08
fr=751442072.8124256
dphi=-0.5860680493093774
phi=0.2684766339950255
poly_deg_range=2
eps=-0.024893440560701204
c0_real=-0.027517713714879228
c0_imag=0.040555174928705987
nRange=311.43358848929824
delta_f_max=28130372.278410863
kappa=90325.42833567069
r=0.9935164275280894
noise_std_signal_used=0.00320707765150088
