i=54
Fi=10000
max_F=20000
kc_true=53842.7890625
kappai=457.3722839355469
ac=1.4743219761331372
dt=-5.950559133178572e-08
fr=734663988.274774
dphi=0.6016360331383601
phi=2.3042958379928935
poly_deg_range=4
eps=-0.02249822838211723
c0_real=-0.08988702705644071
c0_imag=0.021100476759567856
nRange=74.88298934713711
delta_f_max=4066158.4026343757
kappa=54300.16133283321
r=0.99157696295726
noise_std_signal_used=0.005267253182987214
