i=14
Fi=10000
max_F=20000
kc_true=15765.7060546875
kappai=149.2537841796875
ac=1.2485623016487057
dt=-9.247055759809694e-08
fr=736722809.6960081
dphi=-0.30112958891053077
phi=-2.1879540280006076
poly_deg_range=3
eps=-0.025660800675742005
c0_real=0.06899723182040733
c0_imag=-0.012245063813249702
nRange=201.11767974622194
delta_f_max=3200779.795247691
kappa=15914.959834891486
r=0.9906217934727823
noise_std_signal_used=0.008761904113761928
