i=76
Fi=5000
max_F=20000
kc_true=73627.2265625
kappai=1889.357666015625
ac=0.3425579925404919
dt=-2.886764489968626e-08
fr=745729830.809317
dphi=0.430151898392346
phi=0.707750930160008
poly_deg_range=2
eps=0.024037855599104575
c0_real=0.006708946537313684
c0_imag=-0.02900672921952381
nRange=77.38405674651119
delta_f_max=5843779.643942933
kappa=75516.58428926182
r=0.9749808900317214
noise_std_signal_used=0.00450730239727858
