i=32
Fi=5000
max_F=20000
kc_true=56873.48828125
kappai=409.809326171875
ac=1.001216863272551
dt=-4.832000417439612e-08
fr=740481224.0077523
dphi=0.02909234694699403
phi=-0.875617343802157
poly_deg_range=1
eps=-0.020534538575839464
c0_real=-0.005646816580312777
c0_imag=0.0721061609473481
nRange=140.04466774023905
delta_f_max=8022220.381265909
kappa=57283.297612915
r=0.9928459193387532
noise_std_signal_used=0.008360135554915767
