i=31
Fi=6000
max_F=20000
kc_true=38445.97265625
kappai=5365.7216796875
ac=1.719894090254547
dt=-7.334323478787823e-08
fr=751921093.4487191
dphi=0.7734269575109389
phi=1.5156581266876445
poly_deg_range=3
eps=0.0064353915246304835
c0_real=-0.07224000322302361
c0_imag=-0.04785631844705754
nRange=240.62382645566686
delta_f_max=10542137.506349787
kappa=43811.69421845304
r=0.8775276405553143
noise_std_signal_used=0.0008875482744494367
