i=16
Fi=15000
max_F=20000
kc_true=39003.61328125
kappai=3267.162353515625
ac=0.39459595389763796
dt=-8.91307096885276e-09
fr=731939300.597036
dphi=-0.7562713590050706
phi=-1.634866947072239
poly_deg_range=4
eps=0.003850328270334692
c0_real=-0.014980216388620477
c0_imag=0.021648978483273996
nRange=71.07511044035257
delta_f_max=3004400.045169682
kappa=42270.77561407414
r=0.9227087204963343
noise_std_signal_used=0.004774658397688485
