i=7
Fi=2000
max_F=20000
kc_true=23592.84375
kappai=5386.65234375
ac=0.5807733456359525
dt=-3.4538525408199074e-08
fr=736981780.92932
dphi=-0.26987357509752574
phi=-2.514728418141119
poly_deg_range=3
eps=0.001355722038653133
c0_real=0.040348283918077134
c0_imag=-0.02817464391772393
nRange=246.94113924648812
delta_f_max=7156229.729983802
kappa=28979.49589047899
r=0.8141219515744325
noise_std_signal_used=0.004046024013007124
