i=30
Fi=6000
max_F=20000
kc_true=45493.4140625
kappai=11072.35546875
ac=0.5114496563574419
dt=-7.190517946885816e-08
fr=740879272.6157664
dphi=0.026066798668822555
phi=-1.5798231106425715
poly_deg_range=1
eps=-0.011947731752877975
c0_real=-0.0012060227433962397
c0_imag=-0.04361966411663172
nRange=355.70173946956294
delta_f_max=20120542.518458713
kappa=56565.76925505985
r=0.8042569678026712
noise_std_signal_used=0.007480195003141132
