i=37
Fi=6000
max_F=20000
kc_true=11733.9580078125
kappai=80029.484375
ac=0.7221469657255881
dt=-9.091775809905971e-08
fr=728526192.9071621
dphi=0.5589736014637943
phi=1.256553951551754
poly_deg_range=4
eps=-0.024593733595410526
c0_real=0.0035751035818410715
c0_imag=0.006492158537099684
nRange=194.10081966356114
delta_f_max=17811359.019701004
kappa=91763.44051804517
r=0.12787181846680032
noise_std_signal_used=0.009751856614561611
