i=1
Fi=5000
max_F=20000
kc_true=32090.04296875
kappai=426.1451721191406
ac=0.35478473467914384
dt=-7.379434050638166e-08
fr=740905374.2351586
dphi=0.743552118358116
phi=-0.18236443391838542
poly_deg_range=4
eps=-0.025137303194914144
c0_real=-0.03301977837339919
c0_imag=0.051127798949566455
nRange=368.8475880568873
delta_f_max=11993517.570587346
kappa=32516.188146355966
r=0.9868943685622719
noise_std_signal_used=0.009187778019061805
