i=67
Fi=2000
max_F=20000
kc_true=48515.33203125
kappai=1177.7039794921875
ac=1.28114011188211
dt=-6.219348026381537e-08
fr=729867782.2464255
dphi=-0.35014097407073425
phi=0.5949888414424143
poly_deg_range=3
eps=-0.0048248086384423475
c0_real=0.00903785050115935
c0_imag=0.06213647399608954
nRange=378.4381798077161
delta_f_max=18805742.119127233
kappa=49693.03606914715
r=0.9763004209229963
noise_std_signal_used=0.008638351904368817
