i=26
Fi=5000
max_F=20000
kc_true=15682.4912109375
kappai=75967.078125
ac=0.4791565833079781
dt=-7.623445155830086e-08
fr=739350771.9409537
dphi=-0.6988130595552576
phi=2.778312937251229
poly_deg_range=5
eps=-0.018619161139699497
c0_real=0.06843705466457388
c0_imag=-0.029493546154779494
nRange=394.20715931510654
delta_f_max=36128917.788734674
kappa=91649.57290858154
r=0.17111363111948644
noise_std_signal_used=0.0008453147190792642
