i=21
Fi=20000
max_F=20000
kc_true=29523.986328125
kappai=1747.5128173828125
ac=0.8634712821986013
dt=-5.590728424505282e-08
fr=746070375.2900679
dphi=-0.29976828454479626
phi=-2.2989037558282392
poly_deg_range=4
eps=-0.01391504003529537
c0_real=0.03996298083622994
c0_imag=-0.06401991291315193
nRange=211.30678987855987
delta_f_max=6607880.10755892
kappa=31271.499185409684
r=0.9441180339028958
noise_std_signal_used=0.0051925137697988516
