i=70
Fi=5000
max_F=20000
kc_true=74036.0625
kappai=620.1299438476562
ac=0.5145601567430945
dt=-9.715521194704756e-08
fr=734148303.3099046
dphi=-0.5070796056213869
phi=0.7829083407577797
poly_deg_range=1
eps=0.018094935135838847
c0_real=-0.0772653880958726
c0_imag=-0.04197954875230078
nRange=92.55083821734164
delta_f_max=6909493.187414032
kappa=74656.1924289452
r=0.9916935232193175
noise_std_signal_used=0.0013844520949915107
