i=60
Fi=10000
max_F=20000
kc_true=42257.33203125
kappai=2929.216796875
ac=0.43903714936443544
dt=-4.324259126888008e-08
fr=749578110.3159548
dphi=0.41211696362558126
phi=2.453553451175692
poly_deg_range=1
eps=0.011205471589699666
c0_real=0.09459791724088992
c0_imag=0.04258737404487434
nRange=386.52193535325074
delta_f_max=17465592.30538419
kappa=45186.548829168016
r=0.9351750272190028
noise_std_signal_used=0.008898667440112997
