i=93
Fi=10000
max_F=20000
kc_true=43404.93359375
kappai=36839.203125
ac=0.44892986867214574
dt=-4.6864394483273975e-08
fr=743344062.3968457
dphi=-0.1405519381579864
phi=3.099447067590517
poly_deg_range=1
eps=-0.029285820100488705
c0_real=-0.0370106380910456
c0_imag=0.06546145982976402
nRange=64.11138662487781
delta_f_max=5144562.83949824
kappa=80244.13618753242
r=0.540910970644779
noise_std_signal_used=0.003868761083928428
