i=28
Fi=5000
max_F=20000
kc_true=10855.39453125
kappai=61541.140625
ac=0.373998546476796
dt=-6.16768252374924e-08
fr=729035409.0560386
dphi=0.26000267720235803
phi=-1.8086027191068128
poly_deg_range=1
eps=-0.009760204075268213
c0_real=0.04884079706903459
c0_imag=-0.012968575699817596
nRange=380.9060977292821
delta_f_max=27576282.231619548
kappa=72396.53656376639
r=0.149943561480854
noise_std_signal_used=0.00850270437861173
