i=9
Fi=5000
max_F=20000
kc_true=64053.6796875
kappai=1390.5543212890625
ac=0.8616667802880875
dt=-6.382426837678934e-08
fr=750977929.8478183
dphi=-0.26303936594049415
phi=1.3963938057336476
poly_deg_range=5
eps=-0.014843949310413163
c0_real=-0.106569249079398
c0_imag=0.014644095439133604
nRange=118.90111910692282
delta_f_max=7781392.658509943
kappa=65444.2339732098
r=0.9787520733105527
noise_std_signal_used=0.0015657862336621276
