i=58
Fi=5000
max_F=20000
kc_true=68979.9765625
kappai=3573.174560546875
ac=0.7164003018443714
dt=-4.7709236403969676e-08
fr=744874987.8274791
dphi=-0.7401285974256603
phi=-3.0702777793182543
poly_deg_range=1
eps=-0.0015132570055879507
c0_real=-0.11949924805934241
c0_imag=0.14315831117482639
nRange=172.16737705701357
delta_f_max=12491285.719646772
kappa=72553.15108570342
r=0.9507509395562627
noise_std_signal_used=0.0008698689893611411
