i=84
Fi=6000
max_F=20000
kc_true=13651.0908203125
kappai=628.0770874023438
ac=0.42187423187205
dt=-1.9817538964489647e-08
fr=740955794.0812951
dphi=0.2726182647613842
phi=0.9998543573396246
poly_deg_range=2
eps=-0.008930374930913445
c0_real=-0.13641207824377463
c0_imag=-0.0334938400297359
nRange=215.07457970983688
delta_f_max=3071086.031350823
kappa=14279.167884433908
r=0.9560144492168839
noise_std_signal_used=0.005390728926431848
