i=97
Fi=5000
max_F=20000
kc_true=27469.6484375
kappai=435.068115234375
ac=0.7227670409767785
dt=-3.0094926576977445e-08
fr=745894013.2761533
dphi=0.362674662179437
phi=1.9176597031751088
poly_deg_range=3
eps=-0.00748209933555084
c0_real=0.01765724324110149
c0_imag=-0.04611893301080572
nRange=130.20011524285258
delta_f_max=3633197.3107021796
kappa=27904.716550561014
r=0.9844087965461786
noise_std_signal_used=0.006977905499047603
