i=65
Fi=6000
max_F=20000
kc_true=79439.0625
kappai=39786.06640625
ac=1.0236741295505316
dt=-9.383580097869985e-08
fr=735137499.2576401
dphi=-0.5037268553032617
phi=-0.7663474120679368
poly_deg_range=5
eps=0.02137352566266347
c0_real=-0.0012893191353240065
c0_imag=0.0054452735715987835
nRange=310.04651617545545
delta_f_max=36965336.199125774
kappa=119225.13000664415
r=0.6662946183876925
noise_std_signal_used=0.00032569611944375463
