i=85
Fi=20000
max_F=20000
kc_true=16789.03125
kappai=568.8363037109375
ac=0.4715584696960259
dt=-3.407906344957126e-08
fr=746364135.9771285
dphi=0.7244296893541715
phi=0.9574253643683255
poly_deg_range=4
eps=-0.023120278010695477
c0_real=-0.0841225631154585
c0_imag=0.13036342402405598
nRange=64.66967923133464
delta_f_max=1122527.7267466283
kappa=17357.867552290652
r=0.9672289063978031
noise_std_signal_used=0.002517738332656638
