i=92
Fi=5000
max_F=20000
kc_true=49858.26953125
kappai=562.7743530273438
ac=0.35223979178796244
dt=-6.185850265005655e-08
fr=738106567.6703469
dphi=0.45454329384580094
phi=2.8327561964323795
poly_deg_range=2
eps=0.02036619663201144
c0_real=-0.09390894961078243
c0_imag=-0.02637882599173251
nRange=336.3314541956566
delta_f_max=16958183.0113801
kappa=50421.04388343913
r=0.9888385025607537
noise_std_signal_used=0.008994311718636296
