i=17
Fi=15000
max_F=20000
kc_true=64502.0859375
kappai=567.3724975585938
ac=1.2551953371887459
dt=-6.252136009484366e-08
fr=729752169.6737802
dphi=-0.5192025525221887
phi=2.7959073070519294
poly_deg_range=4
eps=0.023046432457497178
c0_real=-0.002504611803675585
c0_imag=0.010090066493467047
nRange=274.5007531341769
delta_f_max=17861615.350716263
kappa=65069.45845057644
r=0.991280509680169
noise_std_signal_used=0.002161927854142529
