i=45
Fi=5000
max_F=20000
kc_true=12495.9287109375
kappai=1368.6026611328125
ac=0.5773840462962812
dt=-1.1603446998637e-08
fr=742232178.0611061
dphi=-0.5231895172559424
phi=-2.1861442523860046
poly_deg_range=2
eps=0.011216407773840212
c0_real=0.06552070320308935
c0_imag=-0.022230067300209003
nRange=287.5708955545508
delta_f_max=3987035.705136665
kappa=13864.531379116366
r=0.9012874917474425
noise_std_signal_used=0.007012850548399276
