i=0
Fi=2000
max_F=20000
kc_true=57066.99609375
kappai=10197.8115234375
ac=0.9331496500198744
dt=-3.076009598782109e-09
fr=733867183.9178736
dphi=0.1911859583129104
phi=0.6739275710862866
poly_deg_range=3
eps=-0.019231272179629555
c0_real=0.11472200886815638
c0_imag=-0.036941649510415266
nRange=305.49719455549604
delta_f_max=20549209.97070924
kappa=67264.80745791696
r=0.8483930639280125
noise_std_signal_used=0.0009851825639399959
