i=43
Fi=6000
max_F=20000
kc_true=22452.361328125
kappai=1214.2056884765625
ac=0.45110503678447483
dt=-6.621223209336059e-08
fr=734150423.971353
dphi=-0.10498945890186229
phi=2.880677888242248
poly_deg_range=5
eps=0.017522519454219315
c0_real=-0.014250686959862001
c0_imag=-0.01798524262973655
nRange=343.84497949748095
delta_f_max=8137630.265119194
kappa=23666.5670588301
r=0.9486953165751991
noise_std_signal_used=0.005127043915696878
