i=10
Fi=10000
max_F=20000
kc_true=71916.578125
kappai=1890.27734375
ac=0.5145588253070996
dt=-6.438550432467546e-08
fr=745102228.7279239
dphi=-0.04903057626715035
phi=0.5362118876700315
poly_deg_range=5
eps=-0.014509306660522615
c0_real=-0.048002812454178624
c0_imag=0.04288206021943522
nRange=348.7290957249667
delta_f_max=25738597.96072428
kappa=73806.85545384954
r=0.9743888651369045
noise_std_signal_used=0.006489107249691858
