i=89
Fi=2000
max_F=20000
kc_true=41630.95703125
kappai=29211.0625
ac=1.0201321182189576
dt=-4.9003191945781984e-08
fr=735767170.3786443
dphi=-0.288284200248041
phi=0.12328744083553245
poly_deg_range=3
eps=0.01345057847199653
c0_real=0.0642978158525409
c0_imag=-0.05517482139556501
nRange=373.1900286174062
delta_f_max=26437535.590643838
kappa=70842.02032028984
r=0.587659087685935
noise_std_signal_used=0.009028620909976552
