i=34
Fi=15000
max_F=20000
kc_true=52223.5234375
kappai=20064.728515625
ac=0.667094557533388
dt=-3.2963926908990297e-08
fr=744785926.8952532
dphi=-0.06627816213088311
phi=0.5125617509623677
poly_deg_range=2
eps=-0.0277602458809315
c0_real=-0.04257389147914131
c0_imag=0.05537598928767079
nRange=117.90678681055165
delta_f_max=8523275.410045646
kappa=72288.25108889224
r=0.7224344572021971
noise_std_signal_used=0.005720822842950822
