i=52
Fi=5000
max_F=20000
kc_true=42200.2421875
kappai=411.2151794433594
ac=0.3948562447760089
dt=-7.787057166686428e-08
fr=733884032.3106633
dphi=-0.7443369938298031
phi=-3.0758537063206597
poly_deg_range=3
eps=-0.010893878791437793
c0_real=0.02328903580467923
c0_imag=-0.06973690482171044
nRange=296.39570340876793
delta_f_max=12629852.879786503
kappa=42611.457367748364
r=0.9903496569784163
noise_std_signal_used=0.00021972713380745025
