i=23
Fi=15000
max_F=20000
kc_true=10532.619140625
kappai=13201.8232421875
ac=1.2251551592988068
dt=-3.947826559046618e-08
fr=743895989.2587495
dphi=0.39338415098638113
phi=0.505746705900231
poly_deg_range=3
eps=-0.022637656221924683
c0_real=0.024181169180169063
c0_imag=-0.04784111724138576
nRange=33.20572523501251
delta_f_max=788119.370279649
kappa=23734.442319863763
r=0.4437693963346284
noise_std_signal_used=0.001281977670944504
