i=64
Fi=20000
max_F=20000
kc_true=27296.224609375
kappai=820.3649291992188
ac=0.42344508746880527
dt=-4.342038896473114e-08
fr=734895873.6912186
dphi=0.6716419868361321
phi=0.09445998969901437
poly_deg_range=2
eps=-0.009139081581039089
c0_real=0.022473917045272948
c0_imag=-0.022650690138435903
nRange=385.3872911510746
delta_f_max=10835776.273673091
kappa=28116.58952558814
r=0.9708227445058175
noise_std_signal_used=0.006855984163041083
