i=44
Fi=20000
max_F=20000
kc_true=54505.5390625
kappai=1766.6988525390625
ac=1.26289995149419
dt=-7.500717065602354e-08
fr=729052906.2366242
dphi=-0.5437469005164506
phi=-0.33145354202263233
poly_deg_range=1
eps=-0.010403792051866825
c0_real=0.07965348180198056
c0_imag=0.10682934513761595
nRange=40.98867319710387
delta_f_max=2306524.3677696884
kappa=56272.237861377274
r=0.9686044332690409
noise_std_signal_used=0.0031743376483557694
