i=41
Fi=15000
max_F=20000
kc_true=98378.921875
kappai=11867.6611328125
ac=0.6975694624873972
dt=-2.6357312165087167e-08
fr=749307828.3049521
dphi=-0.0678784667993948
phi=-1.8288082342179766
poly_deg_range=1
eps=0.022083900963328185
c0_real=-0.023001080100132673
c0_imag=-0.01567492627750393
nRange=388.5800960766289
delta_f_max=42839627.94361458
kappa=110246.58333289028
r=0.8923534761884112
noise_std_signal_used=0.0030678347626394665
