i=95
Fi=15000
max_F=20000
kc_true=14684.0673828125
kappai=1300.2369384765625
ac=0.8957662726373512
dt=-4.953685827530675e-08
fr=743652231.7137514
dphi=-0.42403210285614046
phi=-2.6133692983292973
poly_deg_range=2
eps=0.0015179432968222203
c0_real=0.06844768187443569
c0_imag=0.10554368188647714
nRange=50.096921109375984
delta_f_max=800764.4351771275
kappa=15984.304373293291
r=0.9186553909312914
noise_std_signal_used=0.0010669681071008052
