i=35
Fi=6000
max_F=20000
kc_true=46717.48046875
kappai=180.0234832763672
ac=0.3256861409379361
dt=-7.421319977981651e-08
fr=739655941.2359104
dphi=0.7524289387240404
phi=-3.0218336468268596
poly_deg_range=4
eps=0.01888846837222337
c0_real=0.01068920343871902
c0_imag=0.07463455662366039
nRange=274.122911340959
delta_f_max=12855680.317324068
kappa=46897.50394972985
r=0.9961613419517419
noise_std_signal_used=0.005440261842642056
