i=56
Fi=6000
max_F=20000
kc_true=15491.775390625
kappai=24259.23046875
ac=0.5776192844357652
dt=-6.526730010557126e-08
fr=743247801.036859
dphi=0.4361609964679587
phi=-1.4188168794415583
poly_deg_range=5
eps=0.009526451290410472
c0_real=0.01633830607403309
c0_imag=0.04107268128033792
nRange=25.155242584510994
delta_f_max=999946.180137612
kappa=39751.005253804055
r=0.389720342711144
noise_std_signal_used=0.005004485261948516
