i=5
Fi=10000
max_F=20000
kc_true=15199.349609375
kappai=11054.4775390625
ac=0.9105510765835657
dt=-7.479760557662168e-09
fr=750757909.774828
dphi=-0.42489871877525565
phi=1.280390640058446
poly_deg_range=3
eps=0.011892738794477907
c0_real=-0.01477594833754195
c0_imag=0.02009884465890907
nRange=148.70366015985735
delta_f_max=3904040.224524066
kappa=26253.827379414863
r=0.5789384301845653
noise_std_signal_used=0.0013298190559491853
