i=2
Fi=20000
max_F=20000
kc_true=76981.640625
kappai=266.45855712890625
ac=1.0112011482161696
dt=-2.2822543156774974e-08
fr=742689880.1953605
dphi=0.5979864068989509
phi=-0.19990295390960844
poly_deg_range=3
eps=0.0060340404075992435
c0_real=0.05101970738190181
c0_imag=-0.024173945498149975
nRange=292.8921714005649
delta_f_max=22625363.505760647
kappa=77248.09918124363
r=0.9965506134252127
noise_std_signal_used=0.006305917290350514
