i=19
Fi=6000
max_F=20000
kc_true=56351.63671875
kappai=33850.80078125
ac=0.3312185457990181
dt=-7.17540881243952e-08
fr=747514282.8772178
dphi=-0.5656753176075611
phi=-2.683342299754445
poly_deg_range=2
eps=-0.011817290254301078
c0_real=0.11403115865425562
c0_imag=0.036279863946149585
nRange=161.46882855863365
delta_f_max=14564882.004092142
kappa=90202.43804396738
r=0.6247240977154356
noise_std_signal_used=0.0038514606835177213
