i=73
Fi=10000
max_F=20000
kc_true=49230.40625
kappai=233.6432342529297
ac=0.7920637647715998
dt=-1.900642385548712e-08
fr=738622937.987211
dphi=0.5001008091893187
phi=2.3936747270987295
poly_deg_range=3
eps=-0.021815433716010718
c0_real=-0.03545224068415753
c0_imag=-0.059752298737490855
nRange=104.02151743608542
delta_f_max=5145325.486156088
kappa=49464.04948685317
r=0.9952765040614948
noise_std_signal_used=0.008030983203969614
