i=51
Fi=6000
max_F=20000
kc_true=11887.744140625
kappai=57083.25
ac=0.7855720716946842
dt=-6.481643168456593e-08
fr=740527564.0147251
dphi=0.07075724458944954
phi=0.0391975772144284
poly_deg_range=2
eps=0.015132462990992225
c0_real=0.007187008302884733
c0_imag=0.06733612451034746
nRange=164.65575467380776
delta_f_max=11356471.153335217
kappa=68970.9945202524
r=0.17235860122524876
noise_std_signal_used=0.006305348060285652
