i=18
Fi=10000
max_F=20000
kc_true=25665.80859375
kappai=30320.681640625
ac=0.3367152752873518
dt=-1.2321295441820518e-08
fr=734269284.7502097
dphi=-0.11389076168672108
phi=2.9421299791970563
poly_deg_range=4
eps=0.02354863202980042
c0_real=0.010847838507114549
c0_imag=0.0288477700720869
nRange=393.06496583892374
delta_f_max=22006327.771409824
kappa=55986.489979948805
r=0.45842860666818086
noise_std_signal_used=0.001422164841032344
