i=4
Fi=5000
max_F=20000
kc_true=15310.80859375
kappai=1325.7152099609375
ac=0.38435210813487036
dt=-4.36009888620515e-08
fr=742836424.5144571
dphi=-0.48732367438745305
phi=0.41529556984202776
poly_deg_range=5
eps=-0.0011102807411411848
c0_real=0.06805285623365868
c0_imag=-0.011988730523787499
nRange=150.66536669085974
delta_f_max=2506547.951660962
kappa=16636.52375269481
r=0.9203129705068303
noise_std_signal_used=0.009441426342324482
