i=49
Fi=2000
max_F=20000
kc_true=28841.19140625
kappai=4428.24560546875
ac=0.6926303410684013
dt=-4.370504851756537e-08
fr=741201859.3481711
dphi=-0.701618906121596
phi=-1.5141438353987307
poly_deg_range=3
eps=-0.0018149663163022772
c0_real=-0.07249137829365175
c0_imag=-0.022838272591867274
nRange=271.81932204952386
delta_f_max=9043275.854735516
kappa=33269.437163440074
r=0.8668974850570573
noise_std_signal_used=0.0009036151832182837
