i=15
Fi=2000
max_F=20000
kc_true=40557.1796875
kappai=11169.6884765625
ac=0.879230819932996
dt=-4.818065767582213e-08
fr=750685107.4063025
dphi=0.5768550373782237
phi=-2.9196055362196804
poly_deg_range=3
eps=-0.0011660206904607374
c0_real=-0.03735639337767268
c0_imag=-0.032715479867908986
nRange=226.95780795497944
delta_f_max=11739816.6289966
kappa=51726.86824383399
r=0.7840640863142637
noise_std_signal_used=0.0027361526991265105
