i=69
Fi=6000
max_F=20000
kc_true=38579.40625
kappai=159.73060607910156
ac=0.7660849995533368
dt=-9.445556146590718e-08
fr=747024188.262189
dphi=0.442009778275505
phi=2.6568628215542347
poly_deg_range=5
eps=0.022299165721401767
c0_real=-0.08459982143420502
c0_imag=0.03391475528178566
nRange=52.35016734191835
delta_f_max=2028000.29673644
kappa=38739.136849187475
r=0.9958767641155942
noise_std_signal_used=0.0020795595886868848
