i=50
Fi=20000
max_F=20000
kc_true=10853.7998046875
kappai=348.1027526855469
ac=0.3306767778470078
dt=-4.784447799712421e-08
fr=733479328.1334598
dphi=0.23759064167829824
phi=1.2424927493242244
poly_deg_range=5
eps=-0.021345881379571698
c0_real=-0.056850547866395255
c0_imag=0.02317979383354252
nRange=296.24744792500275
delta_f_max=3318535.0475308322
kappa=11201.902567514924
r=0.9689246750068236
noise_std_signal_used=0.0067963003614355
