i=38
Fi=20000
max_F=20000
kc_true=21574.556640625
kappai=2472.37744140625
ac=1.6633494932038906
dt=-7.592281392238078e-08
fr=744822780.8311462
dphi=-0.5169949280095609
phi=-1.4037943529776895
poly_deg_range=3
eps=-0.00934098798303867
c0_real=0.07883561439704224
c0_imag=0.02605882037101641
nRange=292.90230154245046
delta_f_max=7043402.362437416
kappa=24046.934166601666
r=0.8971853331136697
noise_std_signal_used=0.004829938098472475
