i=20
Fi=6000
max_F=20000
kc_true=32088.6484375
kappai=6150.8759765625
ac=1.0695311452259755
dt=-2.6976306106906504e-08
fr=744734769.9316127
dphi=0.3779447736099124
phi=-2.1408285330170025
poly_deg_range=3
eps=-0.009061980204583122
c0_real=0.09089657882144485
c0_imag=0.030956847997873523
nRange=386.84414886424184
delta_f_max=14792736.2498969
kappa=38239.5243493478
r=0.839148733764187
noise_std_signal_used=0.005455420168703317
