i=3
Fi=5000
max_F=20000
kc_true=78950.25
kappai=11651.7119140625
ac=0.615902649728514
dt=-3.4119024501517035e-08
fr=731294845.124077
dphi=0.2212128459997602
phi=-1.5654421803757812
poly_deg_range=3
eps=0.007787320165068612
c0_real=0.03804989011047921
c0_imag=0.048143759638390404
nRange=358.4155310245559
delta_f_max=32473150.295592323
kappa=90601.96192605144
r=0.8713966929815331
noise_std_signal_used=0.006950874299727279
