i=99
Fi=6000
max_F=20000
kc_true=14434.3623046875
kappai=1158.9923095703125
ac=0.5422631935428578
dt=-8.255586764076323e-08
fr=729674905.5055715
dphi=0.2853712758932574
phi=1.9191538482301205
poly_deg_range=2
eps=-0.016087991874867553
c0_real=0.004032760683793885
c0_imag=0.009970117963024048
nRange=139.312031444966
delta_f_max=2172341.9165588375
kappa=15593.35467315328
r=0.925673955812652
noise_std_signal_used=0.008098502078338485
