i=94
Fi=20000
max_F=20000
kc_true=84004.625
kappai=154.19898986816406
ac=0.46044060826270355
dt=-8.659859569095375e-08
fr=739354582.4320035
dphi=-0.6612354327687738
phi=0.7811132636674754
poly_deg_range=5
eps=-0.0131877836306593
c0_real=0.07001426338011758
c0_imag=0.0019813919674092086
nRange=352.82659936555444
delta_f_max=29693471.673253026
kappa=84158.82398506014
r=0.9981677621221571
noise_std_signal_used=0.009156588290392047
