i=62
Fi=2000
max_F=20000
kc_true=37856.96875
kappai=15387.7236328125
ac=0.8780481563099904
dt=-2.731281131483953e-08
fr=728947291.0784351
dphi=-0.36844322550331
phi=1.1191911047662328
poly_deg_range=4
eps=0.005804289482304471
c0_real=0.03680856080317051
c0_imag=0.04708927872408207
nRange=298.25958434473665
delta_f_max=15880739.682090223
kappa=53244.691924920095
r=0.7109998646133928
noise_std_signal_used=0.005159013888963449
