i=11
Fi=20000
max_F=20000
kc_true=24788.826171875
kappai=614.6207275390625
ac=1.7033629439112692
dt=-8.43412815050422e-08
fr=735565685.0262024
dphi=0.25264442369314266
phi=1.9603480917627918
poly_deg_range=5
eps=-0.012488020129087719
c0_real=0.013031557813686393
c0_imag=0.03730292780097587
nRange=62.93878963175666
delta_f_max=1598862.198894274
kappa=25403.44687670233
r=0.9758056177254039
noise_std_signal_used=0.007794806791846209
