i=86
Fi=15000
max_F=20000
kc_true=14228.07421875
kappai=2898.645751953125
ac=1.2192019448088667
dt=-8.247800090071115e-08
fr=735944717.0795144
dphi=-0.6759919023279859
phi=2.9257376625566653
poly_deg_range=2
eps=0.01544979169046548
c0_real=-0.02899027313473201
c0_imag=-0.014103827359747105
nRange=345.5182849086959
delta_f_max=5917594.891878569
kappa=17126.719917130606
r=0.8307530156150156
noise_std_signal_used=0.003337306409600891
