i=82
Fi=6000
max_F=20000
kc_true=26513.90625
kappai=5997.24853515625
ac=0.4473220602968672
dt=-6.02617117163937e-09
fr=749498149.4082648
dphi=-0.05966341633933048
phi=-0.1138293547845759
poly_deg_range=4
eps=-0.009823074359231063
c0_real=0.04342673436019228
c0_imag=-0.05995536456788099
nRange=200.73247153517832
delta_f_max=6526044.493753614
kappa=32511.15499073565
r=0.8155325843562119
noise_std_signal_used=0.008210941639070539
