i=22
Fi=20000
max_F=20000
kc_true=23108.408203125
kappai=99721.78125
ac=0.7038090808868926
dt=-1.4127316021426611e-08
fr=744316027.2401878
dphi=0.2781065166280512
phi=0.09387783347691947
poly_deg_range=5
eps=0.017711331484254557
c0_real=-0.08975254745335134
c0_imag=0.03286831139285431
nRange=300.43119006652154
delta_f_max=36902020.960463405
kappa=122830.19267171479
r=0.1881329638950113
noise_std_signal_used=0.00890427396566436
