i=74
Fi=15000
max_F=20000
kc_true=88050.2578125
kappai=6561.35302734375
ac=1.4193659212457377
dt=-6.842254812676232e-08
fr=747761162.1144371
dphi=0.2719844331719954
phi=1.9204536545684752
poly_deg_range=1
eps=0.014385611869735929
c0_real=0.10325869413362228
c0_imag=0.011489803271882093
nRange=267.6103677004161
delta_f_max=25319047.983597152
kappa=94611.61090717258
r=0.9306495996446968
noise_std_signal_used=0.005049717507400987
