i=39
Fi=2000
max_F=20000
kc_true=37707.59765625
kappai=497.82513427734375
ac=0.7517464353634995
dt=-7.408462274489291e-08
fr=739699084.1934562
dphi=0.7519830909310214
phi=-1.5013232638930103
poly_deg_range=1
eps=0.011864218603014239
c0_real=0.04621889139837123
c0_imag=0.027944759448853846
nRange=285.4605315902551
delta_f_max=10906140.2957649
kappa=38205.4227777428
r=0.9869697784948261
noise_std_signal_used=0.0026720439157033892
