i=48
Fi=15000
max_F=20000
kc_true=11666.7548828125
kappai=13445.2626953125
ac=0.7344263310315026
dt=-1.5428544840612582e-08
fr=729321232.3045182
dphi=0.6853684841369116
phi=-1.148276959752247
poly_deg_range=5
eps=0.020033371747204883
c0_real=0.0774290193267916
c0_imag=0.07038109315237628
nRange=295.8532086073912
delta_f_max=7429471.001421995
kappa=25112.017667116786
r=0.46458851046802435
noise_std_signal_used=0.009155210195074969
