i=66
Fi=10000
max_F=20000
kc_true=68507.53125
kappai=36607.1953125
ac=0.4135853208593208
dt=-1.197370160542953e-08
fr=737809500.1140157
dphi=-0.0024405362192361224
phi=2.2070413623052856
poly_deg_range=3
eps=0.02889744757980106
c0_real=0.08268406184437713
c0_imag=0.06020540314394179
nRange=94.31799731697912
delta_f_max=9914210.542889828
kappa=105114.72703953472
r=0.6517405617600436
noise_std_signal_used=0.001783297991677818
