i=13
Fi=5000
max_F=20000
kc_true=17547.16796875
kappai=24966.52734375
ac=1.6472874236910358
dt=-8.123099287329895e-08
fr=731001865.9848139
dphi=-0.6691212230764124
phi=-0.8962880373560975
poly_deg_range=1
eps=0.019274514808816284
c0_real=-0.013454702535828741
c0_imag=-0.0865555434941383
nRange=166.01166099595793
delta_f_max=7057769.259444922
kappa=42513.695827769385
r=0.41274153251311596
noise_std_signal_used=0.0063623923224238755
