i=53
Fi=5000
max_F=20000
kc_true=45586.4375
kappai=8571.0224609375
ac=1.1005790325076585
dt=-9.839779612949274e-08
fr=736120651.7218214
dphi=0.5436721529825423
phi=-2.1986888222768313
poly_deg_range=3
eps=-0.02011091555166056
c0_real=-0.002935491191992042
c0_imag=-0.06660648679499888
nRange=135.15653218683843
delta_f_max=7319734.484537529
kappa=54157.45999178814
r=0.8417388390613636
noise_std_signal_used=0.0007311164047153718
