i=27
Fi=5000
max_F=20000
kc_true=33609.8828125
kappai=2608.71875
ac=1.57090032696065
dt=-1.2128973792512504e-08
fr=729712820.1178199
dphi=-0.06271958088857366
phi=-0.4088812786318363
poly_deg_range=5
eps=-0.013371404628593982
c0_real=0.00943561889636846
c0_imag=0.04784464209137041
nRange=281.2637246907934
delta_f_max=10186978.77166713
kappa=36218.60153799129
r=0.9279729582392934
noise_std_signal_used=0.008680011656423445
