i=36
Fi=2000
max_F=20000
kc_true=34075.4375
kappai=7077.05859375
ac=1.126496917250359
dt=-9.701511868525429e-08
fr=745465577.0138965
dphi=-0.3422971667882829
phi=3.0968700725681995
poly_deg_range=5
eps=-0.0016034384233364375
c0_real=-0.04568409712590508
c0_imag=0.030425724896961676
nRange=268.4922914367565
delta_f_max=11049128.017894972
kappa=41152.49625517685
r=0.828028445436367
noise_std_signal_used=0.0024935674908103324
