i=25
Fi=15000
max_F=20000
kc_true=21589.361328125
kappai=42536.09765625
ac=0.9597886901859339
dt=-8.186286234650367e-08
fr=749110046.8864764
dphi=-0.4040199717033101
phi=1.1433318565858483
poly_deg_range=2
eps=0.023849572336050055
c0_real=-3.858750751241737e-06
c0_imag=-0.03314465040780105
nRange=90.70455977007899
delta_f_max=5816471.380995571
kappa=64125.457372147124
r=0.33667379871979414
noise_std_signal_used=0.0062954537172160265
