i=75
Fi=20000
max_F=20000
kc_true=44110.5703125
kappai=37246.8515625
ac=0.4908360465915393
dt=-4.032199367763341e-08
fr=743496312.7223647
dphi=-0.40767885121262976
phi=-0.7726710163976658
poly_deg_range=4
eps=0.010817899863219675
c0_real=0.023913988056673424
c0_imag=-0.044069152682032264
nRange=312.24662132958895
delta_f_max=25403580.652766738
kappa=81357.42364351232
r=0.5421824873140204
noise_std_signal_used=0.006513265185129787
