i=61
Fi=10000
max_F=20000
kc_true=75036.1484375
kappai=1471.002197265625
ac=1.1288989157949925
dt=-4.413237047571835e-08
fr=743047755.8790858
dphi=0.3277262015888647
phi=1.910043802986464
poly_deg_range=5
eps=0.012183382732935906
c0_real=0.030382319368986877
c0_imag=-0.055689272364247255
nRange=377.90357352259633
delta_f_max=28912325.62182798
kappa=76507.15062661136
r=0.9807730104040798
noise_std_signal_used=0.001834875238583279
